4
9
4
10
1
1
3
10
10
10
10
1
9
2
10
7
7
7
6
7
1
10
5
9
3
2
2
9
10
6
2
1
7
8
10
10
10
6
10
8
10
10
5
2
6
10
10
2
10
10
4
5
5
10
4
5
7
3
8
10
9
10
10
5
2
10
6
10
4
4
6
10
4
10
5
10
10
10
6
9
5
8
6
10
6
10
10
2
10
7
1
7
8
7
3
10
7
1
1
9
3
10
5
3
10
4
7
9
10
1
10
9
5
8
4
10
9
2
8
5
8
6
7
9
7
6
1
8
5
9
3
10
7
3
5
7
8
8
7
10
9
10
5
9
10
9
3
9
4
10
6
10
3
6
9
10
2
1
6
6
9
10
3
3
2
6
4
9
10
4
9
10
1
6
6
10
3
6
2
8
10
2
5
1
1
4
2
8
7
4
3
7
10
10
9
2
10
5
10
8
10
10
2
7
10
1
3
3
10
7
10
2
8
9
10
1
1
9
9
10
3
3
10
10
2
5
8
10
9
7
1
10
10
10
4
4
2
2
8
6
3
10
7
10
10
10
4
9
9
10
2
10
10
3
4
3
1
2
2
8
9
6
10
8
10
10
10
8
10
10
1
10
7
10
1
10
1
10
10
10
7
10
10
5
1
5
10
4
10
7
3
9
10
8
10
3
10
1
9
7
10
4
10
4
5
10
10
5
8
2
10
4
8
6
4
5
8
1
4
5
6
6
10
6
10
5
3
2
6
8
3
4
9
10
3
10
7
10
2
8
4
5
8
1
10
7
10
10
5
10
6
10
1
4
10
5
6
4
8
4
10
2
10
10
8
1
2
7
10
3
1
1
10
3
10
10
4
7
6
4
7
10
3
10
5
10
5
3
3
2
6
5
10
10
1
10
10
2
1
5
8
8
6
10
9
10
3
8
7
2
5
4
2
6
10
10
