3
5
9
7
10
4
3
7
10
10
7
10
10
10
9
4
10
3
1
9
5
5
7
6
7
10
1
9
5
6
10
9
6
10
3
1
1
5
5
5
8
10
9
2
4
10
7
8
2
4
7
5
9
2
7
10
4
10
9
7
10
10
10
4
10
10
8
5
6
1
4
10
1
3
2
8
2
10
10
3
10
10
5
6
1
8
5
8
7
8
10
4
7
9
10
2
6
7
10
5
4
10
10
10
5
10
2
8
2
2
8
10
10
10
7
3
10
10
10
6
8
4
1
8
10
10
3
3
2
8
8
10
10
1
7
5
10
10
10
6
9
7
8
3
2
4
10
5
9
10
10
10
2
10
3
2
8
10
2
9
2
6
8
9
3
10
6
1
8
10
1
10
10
7
10
6
10
3
9
1
10
10
5
7
10
10
6
5
7
9
6
9
7
8
8
10
10
1
4
4
2
2
10
4
2
1
10
2
3
9
3
4
3
10
2
1
7
6
3
10
8
1
7
6
10
9
5
10
6
4
7
10
4
10
1
3
2
2
9
2
10
2
5
8
7
5
8
10
10
6
5
6
10
10
10
10
3
2
2
3
4
6
9
6
4
9
8
3
10
10
4
1
7
8
10
9
7
4
10
10
9
4
1
10
3
6
10
6
3
5
10
10
4
10
6
10
6
3
10
9
8
10
3
10
10
10
10
10
5
10
7
10
7
1
3
7
10
10
1
10
8
10
10
3
8
6
10
1
10
5
2
5
4
10
2
1
10
6
3
1
10
7
5
4
5
6
9
1
10
7
3
8
2
7
10
5
10
2
5
3
2
10
6
9
4
10
4
10
2
4
4
10
4
1
1
10
8
10
6
10
10
3
9
4
9
10
10
4
1
5
1
9
10
1
1
6
10
6
10
9
5
10
7
5
10
8
10
9
10
8
8
9
10
6
1
3
