3
3
10
3
6
7
10
1
10
2
8
5
2
10
3
8
4
4
4
4
10
10
7
9
1
7
6
4
3
1
10
10
8
4
1
2
9
10
5
10
4
9
4
2
10
2
3
7
8
8
7
9
6
10
6
10
10
9
5
7
2
9
5
2
7
7
1
2
3
4
6
1
2
10
10
6
10
8
5
10
4
1
10
10
10
5
3
7
10
10
3
10
10
3
10
4
5
9
8
10
10
4
10
10
3
5
10
10
4
4
10
10
2
7
10
2
3
4
8
5
6
8
5
4
10
7
2
1
2
7
7
7
2
4
7
3
10
10
9
5
3
10
3
7
9
9
9
3
9
7
10
10
6
10
8
1
1
5
1
3
1
10
4
7
10
1
4
6
10
10
10
10
9
1
8
10
6
9
5
10
10
10
4
9
10
3
3
4
6
10
3
10
5
10
1
8
2
6
5
10
10
10
10
10
1
10
8
10
4
10
6
8
9
4
2
4
10
8
9
9
7
2
10
7
8
10
4
10
10
8
2
1
4
8
7
3
6
1
2
3
9
10
1
5
10
9
2
10
5
6
9
10
10
8
10
2
7
5
10
4
2
10
10
10
10
4
6
8
2
10
10
5
8
2
3
8
8
10
10
5
1
7
10
10
10
6
8
10
10
10
6
6
10
6
5
5
10
1
1
7
3
2
9
10
10
3
1
10
5
9
4
10
7
6
6
1
6
2
9
1
6
10
10
3
10
10
10
10
10
8
8
6
9
10
7
8
10
10
10
6
6
1
1
8
10
5
2
9
10
10
9
9
5
3
5
7
10
10
10
8
10
2
1
8
4
8
3
9
3
10
3
6
2
10
3
5
10
5
6
1
3
7
4
9
5
10
6
6
5
10
10
10
2
10
2
7
7
9
10
7
5
1
7
2
10
4
8
10
1
10
10
5
6
1
9
10
