3
5
10
10
4
2
2
4
10
10
1
10
8
10
1
6
3
10
9
8
10
10
4
6
10
5
10
10
6
3
10
10
7
2
4
10
8
8
2
10
10
8
10
7
2
9
9
10
10
1
4
10
10
3
2
6
4
10
8
10
9
10
6
10
6
10
10
7
8
8
10
5
2
3
1
5
3
4
4
1
8
7
9
8
4
8
10
8
8
4
8
6
4
5
9
7
9
1
6
2
3
10
10
7
5
10
10
10
10
5
2
2
7
10
2
6
5
9
10
5
3
10
3
6
6
3
3
10
7
10
5
5
8
10
6
8
6
10
10
9
5
3
10
1
2
7
10
3
10
9
1
8
10
1
10
9
7
4
10
2
7
2
10
7
5
8
6
5
3
3
9
10
10
10
10
10
5
5
4
10
6
10
6
3
10
6
4
8
5
7
1
9
6
10
10
4
7
7
10
10
5
6
10
10
4
10
10
5
2
9
10
1
10
8
10
1
10
8
9
3
7
10
2
9
6
2
7
7
1
6
5
8
1
3
10
7
10
10
1
5
4
4
2
10
10
6
10
10
3
10
2
10
8
10
9
10
3
5
7
6
1
1
5
10
10
7
10
4
2
2
3
9
1
10
4
8
2
8
10
5
2
7
7
10
1
3
10
6
7
2
8
10
5
4
4
10
4
10
9
3
10
10
3
4
9
4
5
10
2
1
4
7
2
9
2
10
3
10
10
1
1
10
4
9
8
7
10
8
10
10
4
1
4
1
10
5
7
10
9
10
10
6
4
10
10
1
7
8
2
8
10
3
10
7
10
8
4
10
3
6
10
10
10
10
9
6
1
9
5
7
6
3
7
10
1
5
10
2
10
2
6
3
10
10
7
9
10
10
3
9
9
1
5
3
8
5
6
2
4
9
3
6
6
10
2
1
10
9
9
5
10
10
1
1
9
1
