4
2
1
9
10
4
2
2
8
2
10
8
10
2
6
9
7
10
7
10
5
1
10
3
2
10
9
8
5
5
4
5
5
1
10
10
10
2
8
3
8
3
10
7
10
10
1
10
10
10
9
10
10
8
4
9
10
2
1
2
10
6
10
6
10
9
6
5
6
7
3
9
10
2
1
1
8
9
10
10
9
10
2
10
5
6
10
7
10
10
6
1
6
2
10
10
10
3
10
8
6
10
10
7
10
1
5
3
1
9
10
8
10
1
10
10
10
10
9
4
2
1
5
9
10
3
5
3
2
8
7
10
5
8
9
5
1
10
4
10
10
10
6
10
9
9
3
10
1
9
10
8
6
7
2
10
10
10
2
5
6
10
5
4
4
7
10
5
4
3
10
7
10
6
8
10
9
10
6
9
4
9
6
2
10
10
10
8
10
8
4
10
7
5
10
2
9
7
7
4
3
5
9
6
5
7
10
10
10
7
7
1
10
8
6
4
7
4
8
10
1
6
6
7
3
6
2
5
3
10
2
7
3
7
9
3
10
3
6
2
2
10
10
10
10
4
4
2
10
2
10
1
5
3
3
10
3
7
6
10
6
5
10
3
8
5
6
4
9
10
1
7
9
4
10
8
5
10
4
10
3
2
10
4
3
10
5
5
2
9
6
6
10
10
8
1
1
9
7
10
10
10
1
5
10
2
10
8
7
10
4
6
8
2
5
10
4
10
3
10
9
9
9
3
10
4
3
10
10
8
10
3
10
10
9
10
10
1
1
10
10
9
4
10
4
6
10
1
1
7
4
7
1
1
8
3
8
3
5
10
5
4
10
6
7
8
2
10
10
10
4
10
3
8
10
8
10
10
6
8
1
8
10
9
2
3
1
5
6
6
5
1
4
3
7
5
7
8
8
4
4
10
1
3
10
10
7
7
4
2
10
7
1
10
10
2
