5
6
9
2
3
10
5
4
5
8
10
10
5
3
6
10
6
2
10
10
6
3
9
4
9
8
10
10
10
5
9
10
10
7
3
8
7
10
5
5
10
10
10
9
8
3
7
7
6
4
7
5
10
10
5
10
9
4
10
5
2
6
3
10
3
5
1
10
10
7
7
5
5
8
8
4
2
10
6
2
6
10
8
10
2
1
7
1
5
2
10
10
10
10
7
6
9
7
1
7
10
3
10
2
3
6
9
2
3
4
10
3
8
5
1
10
10
4
10
10
2
2
10
4
1
6
8
4
1
5
10
10
10
6
10
9
9
2
4
10
7
10
2
7
10
8
10
9
4
6
1
10
7
4
1
8
10
1
2
10
10
3
8
3
3
7
10
6
1
3
1
1
7
10
10
3
7
4
10
1
9
3
6
7
10
5
8
1
10
1
6
10
2
10
2
1
4
5
10
10
7
10
1
1
5
10
4
9
10
8
10
10
4
9
3
9
6
2
10
10
3
10
8
10
7
10
8
9
10
4
6
10
10
10
8
5
8
3
3
10
6
9
5
9
9
3
8
10
2
4
10
8
10
10
6
4
8
7
7
10
2
4
10
5
8
9
10
5
8
4
4
10
5
2
7
4
10
10
10
2
1
4
10
9
2
1
7
2
10
9
5
8
10
8
10
10
8
10
3
10
7
5
3
3
6
8
10
1
1
9
2
3
10
6
8
9
10
10
8
6
5
5
4
9
6
1
10
5
7
9
2
1
3
10
2
10
4
10
6
7
7
10
8
9
1
10
3
7
2
6
10
10
8
10
10
1
3
10
2
6
7
4
9
9
10
5
10
1
10
1
9
6
4
9
9
10
10
6
5
1
10
2
4
2
4
7
10
6
2
3
10
3
10
10
2
10
10
10
10
10
7
6
1
8
10
5
10
6
10
4
1
10
3
10
4
10
