9
4
10
1
6
10
10
10
10
2
9
1
9
9
10
1
2
3
10
5
1
10
8
4
10
10
7
9
2
5
7
7
10
3
10
10
6
10
9
4
1
2
8
10
1
10
10
7
2
4
7
8
1
3
9
9
7
9
10
2
3
10
3
4
7
8
10
2
10
5
8
2
7
6
7
8
5
10
9
7
9
10
8
6
1
7
10
3
10
3
10
10
10
8
10
10
9
8
6
6
10
10
5
8
10
10
10
8
5
10
9
3
10
10
7
9
10
10
4
6
1
4
1
7
2
10
5
10
10
3
1
8
5
6
10
2
8
3
6
5
3
10
8
1
9
10
2
8
10
9
10
4
10
6
10
1
8
4
8
5
10
3
10
4
6
10
10
10
6
10
10
3
1
3
8
9
10
10
7
4
2
10
7
9
4
9
4
1
3
2
9
2
1
7
2
10
5
1
9
7
10
10
7
10
8
5
10
3
3
1
1
2
9
5
10
7
7
2
10
1
9
10
8
9
5
10
10
10
10
10
10
10
8
10
10
5
10
5
3
6
10
10
10
10
4
4
2
6
10
2
7
8
6
9
9
6
5
3
5
10
2
3
10
10
10
8
1
8
10
2
6
7
1
6
10
10
2
10
6
10
4
10
4
5
10
5
5
6
9
4
7
10
3
1
5
7
7
4
2
10
5
1
1
2
4
10
3
1
9
3
10
6
3
5
10
1
10
6
10
5
10
10
2
10
2
8
10
9
5
7
8
10
5
1
5
5
4
3
7
1
3
10
3
10
10
10
8
4
3
10
7
3
9
10
10
6
2
8
10
5
4
3
10
10
1
4
6
8
10
10
6
10
8
4
5
4
10
4
4
2
2
7
8
10
7
5
6
6
2
10
3
2
9
10
10
4
4
6
6
7
3
1
8
4
7
2
10
10
6
10
9
6
4
10
6
1
