7
6
6
1
8
10
10
10
8
9
3
3
6
10
8
10
10
1
10
10
4
6
10
10
8
7
9
10
9
7
4
10
5
10
4
1
2
10
10
10
4
3
9
7
5
10
4
4
10
7
10
6
4
1
6
5
4
9
5
10
10
2
10
8
6
6
10
10
1
1
5
10
10
3
10
8
10
10
10
3
10
10
1
5
1
5
10
5
3
4
9
3
8
3
2
8
9
2
10
10
10
10
3
5
3
7
9
1
2
2
3
10
1
10
10
6
10
6
10
5
5
2
5
4
2
8
9
9
9
3
10
8
10
9
8
1
6
2
10
10
4
2
6
5
10
1
3
10
3
10
9
3
3
10
10
5
4
7
1
5
2
10
2
10
6
2
4
8
5
5
2
6
10
7
10
10
3
5
8
4
8
3
10
2
6
5
9
3
10
4
2
1
3
10
1
10
8
10
10
9
9
4
6
9
10
1
10
7
8
9
5
8
2
4
2
2
1
10
5
2
7
1
10
2
10
8
10
6
9
10
7
7
1
9
10
1
2
8
10
6
3
9
9
7
1
6
6
4
8
3
2
10
10
10
1
5
9
7
5
6
6
10
5
3
10
5
2
10
10
7
4
3
10
1
7
1
7
8
10
10
8
1
6
9
10
6
3
2
4
10
4
10
10
10
10
6
4
10
6
3
10
10
4
1
7
7
10
10
8
5
5
5
10
10
10
7
4
1
3
9
10
3
7
10
1
9
10
10
3
2
7
6
9
8
2
7
6
4
10
10
7
10
10
2
9
8
4
10
10
7
4
8
7
5
3
4
10
10
2
8
10
10
6
4
9
8
7
8
9
5
10
10
8
6
10
5
10
6
7
3
7
5
3
6
10
7
10
10
10
10
4
9
7
10
1
10
10
2
10
2
7
10
1
10
4
2
10
8
4
10
1
10
8
1
9
10
