10
10
8
3
7
9
3
9
4
10
6
8
3
10
1
4
1
4
10
3
4
8
1
10
10
9
1
5
3
10
8
10
8
10
6
9
10
1
5
9
9
4
2
10
4
10
5
5
4
9
9
9
2
3
1
5
5
10
2
7
2
10
1
10
10
10
4
10
10
10
10
8
7
1
1
1
3
5
10
6
10
6
4
10
10
2
10
4
7
2
10
8
10
1
4
7
10
10
3
2
4
5
4
10
7
10
6
9
10
3
9
6
3
8
9
6
10
6
3
10
3
2
10
10
7
1
10
10
10
5
9
10
8
8
10
8
1
2
10
2
8
7
4
10
8
8
10
1
2
10
6
8
2
8
10
4
5
6
10
9
1
7
10
2
10
6
10
2
4
8
10
3
6
8
9
6
10
7
1
8
10
5
10
9
4
10
4
1
1
5
4
4
3
10
5
9
2
7
1
10
2
7
8
10
3
10
7
1
10
10
1
10
10
9
6
5
6
10
8
1
2
9
2
10
10
5
3
5
3
6
10
5
10
3
9
5
10
6
5
10
10
6
2
4
5
10
10
10
2
7
10
4
6
4
2
10
10
10
3
9
7
7
10
1
9
3
10
5
7
2
10
7
3
2
10
2
10
6
1
10
8
6
10
7
8
10
7
10
10
10
10
1
6
4
6
10
10
10
9
5
10
8
10
6
10
5
10
5
5
5
8
10
2
9
1
7
6
10
5
10
8
10
10
8
8
10
3
10
9
6
7
3
3
10
2
6
4
10
7
7
9
4
7
4
6
10
4
4
7
7
7
9
1
10
3
2
9
5
5
10
10
6
7
10
3
1
4
7
9
7
10
1
9
10
10
2
6
8
8
8
10
10
5
10
6
2
9
1
3
7
6
10
10
2
4
1
3
10
10
1
10
3
5
2
5
10
8
10
4
3
2
3
10
3
9
10
