8
7
1
9
1
8
7
6
5
9
10
2
3
1
7
4
3
8
10
2
10
10
10
10
10
7
1
10
10
10
10
3
6
8
10
5
10
10
10
9
3
4
5
10
2
9
7
10
3
5
7
1
2
1
8
3
10
9
9
9
5
10
5
7
8
8
10
3
7
10
10
4
5
5
10
6
9
1
10
8
1
8
5
6
1
4
7
8
1
7
8
6
10
6
7
10
10
3
3
5
5
1
9
10
3
3
10
9
10
2
10
10
3
2
6
4
10
10
7
10
3
10
2
9
2
3
5
5
10
10
10
10
10
10
9
2
3
10
10
6
5
10
1
7
8
1
4
1
3
2
8
8
7
1
4
10
7
4
2
10
6
3
3
5
10
2
7
10
5
7
10
1
8
1
8
8
5
4
6
10
7
2
5
2
10
7
9
10
1
10
7
10
6
7
6
6
2
4
5
2
9
10
10
2
5
4
10
2
10
10
10
9
1
10
1
6
6
1
4
10
7
10
10
10
6
10
4
5
9
7
10
10
5
6
10
4
10
4
6
9
3
8
1
2
10
1
10
10
10
8
2
10
10
5
9
10
10
3
6
1
10
4
3
10
5
10
3
9
8
6
10
10
3
1
7
10
9
9
4
3
5
7
1
8
10
8
10
10
4
4
8
6
2
4
1
8
4
9
2
2
4
4
4
10
8
4
4
6
6
3
5
10
2
5
4
5
9
10
4
10
10
3
7
9
10
10
9
10
6
7
10
9
2
2
8
6
5
8
10
1
7
2
10
9
10
8
10
4
1
10
5
1
10
10
3
10
3
6
8
10
10
10
4
5
6
6
7
9
6
8
9
7
10
4
10
10
10
8
3
10
6
10
10
10
9
10
10
6
7
10
10
10
10
2
2
6
10
4
2
7
10
5
9
10
3
1
9
2
1
2
10
10
3
8
3
10
