6
10
10
9
2
10
10
5
5
9
7
4
8
3
8
1
5
4
10
4
5
10
8
10
7
7
10
4
2
8
10
1
7
9
10
9
7
1
5
7
3
7
8
1
7
8
4
10
10
8
5
10
10
1
10
7
10
10
3
10
2
4
3
3
3
7
10
5
5
7
6
6
8
1
9
8
1
3
10
2
1
10
6
10
8
10
10
10
7
5
4
3
2
2
7
10
4
5
9
9
1
8
3
2
8
2
10
10
10
10
10
9
7
10
10
10
10
8
9
3
5
8
10
4
3
10
6
2
10
10
10
3
10
4
6
9
9
7
3
2
7
6
6
1
8
7
6
3
7
5
1
9
6
1
6
3
5
4
10
10
7
2
4
2
5
10
8
5
9
6
4
10
7
9
10
5
10
2
5
8
10
10
4
5
1
3
7
10
10
10
1
7
4
9
10
10
2
5
4
3
10
9
5
8
6
2
3
8
4
10
10
10
5
10
10
7
10
10
2
10
8
10
8
10
2
10
5
10
1
3
10
10
3
1
8
9
6
10
6
6
1
3
3
10
10
3
10
10
9
8
4
10
1
1
2
9
6
3
3
10
8
6
1
2
6
6
2
9
2
10
4
10
10
8
4
2
4
10
6
2
5
4
9
6
1
10
4
5
3
6
10
8
5
10
10
2
1
9
10
7
6
9
10
5
6
9
10
10
10
9
1
9
2
10
10
9
10
2
9
2
1
6
10
2
10
10
4
4
6
1
10
3
7
8
10
4
8
1
10
10
10
7
7
6
10
10
2
7
7
10
10
5
3
7
10
1
10
4
4
1
3
8
10
4
10
3
4
3
1
3
9
8
10
6
10
10
9
9
10
10
10
5
2
5
1
8
10
10
4
10
4
10
5
9
6
6
7
1
10
10
10
10
10
2
10
5
1
10
7
10
2
5
10
10
8
6
