8
3
7
10
5
10
5
10
10
10
6
5
6
10
8
1
2
10
6
9
7
4
1
9
2
9
3
6
4
10
7
3
7
1
4
1
1
10
10
10
1
8
3
10
10
3
1
6
10
8
3
10
4
5
4
10
8
10
4
10
10
8
7
10
10
7
3
6
3
10
2
10
10
9
10
7
9
8
7
10
10
9
10
10
7
1
1
10
4
1
9
5
3
10
3
10
9
1
8
4
10
2
10
1
1
6
2
4
9
6
10
9
8
10
8
8
10
2
1
6
10
5
8
5
10
10
6
2
10
6
10
4
3
10
10
10
10
10
9
10
1
7
8
5
1
6
8
10
7
7
10
8
5
7
5
1
8
5
4
10
10
10
9
8
6
4
7
7
10
10
8
10
10
5
10
2
4
10
3
3
9
10
5
10
10
10
2
7
4
7
9
2
7
1
7
10
9
5
1
1
8
5
4
6
1
10
2
4
10
4
6
10
2
2
10
6
6
4
10
6
9
5
5
2
9
4
1
10
4
10
5
10
5
8
5
4
9
10
6
4
10
8
10
3
10
4
3
9
10
10
1
10
7
10
6
6
10
10
10
3
2
10
10
10
10
7
10
5
8
1
3
10
10
2
3
8
4
10
7
7
3
4
10
3
8
7
2
6
2
8
2
2
2
2
5
10
5
5
6
9
8
10
10
4
7
3
10
10
6
10
10
9
6
4
10
1
2
10
10
9
8
2
5
4
7
7
7
2
4
10
9
3
5
3
8
10
2
9
6
10
1
2
9
3
3
10
9
6
8
5
10
5
1
10
10
2
2
4
9
6
10
10
10
3
8
1
5
10
10
7
4
10
7
6
5
8
10
6
10
7
10
3
1
4
10
6
2
3
10
1
2
9
3
10
5
9
10
8
10
5
9
1
10
9
3
3
10
2
10
9
3
10
10
7
6
1
