8
10
7
10
3
10
2
10
3
3
10
10
10
4
1
1
6
8
4
9
6
7
9
10
10
1
3
8
10
7
3
4
8
4
3
8
1
10
10
10
7
10
10
4
10
5
10
4
5
8
8
7
9
9
10
10
10
10
5
10
8
2
9
10
5
8
9
5
10
3
3
7
5
1
2
10
8
5
10
10
8
10
10
2
3
10
6
1
7
9
7
10
2
3
8
8
10
6
5
8
10
9
3
7
8
3
4
10
6
5
10
10
1
1
10
3
9
5
4
5
1
10
10
1
2
7
10
6
9
6
3
10
10
6
5
8
7
5
10
7
10
10
10
7
5
10
8
10
4
10
7
8
9
10
6
7
10
4
5
9
5
2
3
10
6
9
2
3
10
10
1
3
6
7
10
9
7
10
4
10
1
10
10
10
10
5
5
10
8
10
3
5
2
4
2
10
1
10
8
9
2
5
9
7
1
10
10
6
10
5
10
6
4
10
4
2
10
8
7
4
6
7
2
10
10
10
3
10
9
2
9
4
1
7
10
10
9
2
10
10
1
10
6
10
6
2
5
10
10
10
6
10
6
2
4
8
10
4
10
7
10
7
7
1
2
2
1
2
10
8
4
9
4
9
10
10
10
4
4
3
7
1
10
2
4
10
10
9
1
6
7
10
4
3
3
6
2
7
5
2
10
4
6
1
5
10
2
9
4
6
10
2
6
6
3
10
2
6
1
8
9
3
10
5
3
10
5
2
10
2
6
3
5
9
10
10
3
6
10
10
4
7
10
10
10
6
8
7
4
3
5
1
8
10
10
7
10
9
10
3
8
8
1
10
1
10
10
3
10
9
9
10
10
1
1
5
10
10
4
10
4
10
10
7
2
6
9
4
1
1
1
5
5
9
1
6
1
9
10
4
2
10
3
5
7
6
8
9
8
2
6
8
3
2
8
10
